HMMER3/f [3.1b2 | February 2015]
NAME  n_group_1
LENG  36
ALPH  amino
RF    no
MM    no
CONS  yes
CS    no
MAP   yes
DATE  Thu Jul 26 15:00:08 2018
NSEQ  66
EFFN  10.364868
CKSUM 2758346952
STATS LOCAL MSV       -7.1325  0.71963
STATS LOCAL VITERBI   -7.5002  0.71963
STATS LOCAL FORWARD   -4.4918  0.71963
HMM          A        C        D        E        F        G        H        I        K        L        M        N        P        Q        R        S        T        V        W        Y   
            m->m     m->i     m->d     i->m     i->i     d->m     d->d
  COMPO   2.43292  5.48497  2.68901  2.14293  4.42634  3.50447  3.81073  3.92425  2.62292  2.20555  3.83256  3.36262  3.15021  3.04121  2.16897  3.04015  2.73268  3.02358  5.22461  3.57459
          2.68738  4.42713  2.77533  2.72995  3.46992  2.40639  3.69411  3.29800  2.68066  2.69347  4.22017  2.90888  2.73805  3.18176  2.89241  2.38116  2.77491  2.98334  4.59115  3.62141
          1.79675  0.80536  0.94872  2.56021  0.08044  0.00000        *
      1   3.11195  5.59901  3.00638  2.27868  4.93375  3.18815  4.07652  4.41295  2.81754  3.90010  1.89978  2.79574  3.28823  2.80095  3.30938  1.60116  2.73798  3.98425  6.03815  4.63257     26 s - - -
          2.68618  4.42225  2.77519  2.73123  3.46354  2.40513  3.72494  3.29354  2.67741  2.69355  4.24690  2.90347  2.73739  3.18146  2.89801  2.37887  2.77519  2.98518  4.58477  3.61503
          0.00623  5.47772  6.20007  0.61958  0.77255  0.12038  2.17668
      2   2.28467  5.73334  3.39611  2.59316  5.00767  4.23027  4.44610  4.44287  3.22919  4.01289  0.90309  3.74191  3.34555  3.19260  3.70572  2.98559  2.55900  4.08780  6.22434  4.86452     27 m - - -
          2.68618  4.42225  2.77519  2.73123  3.46354  2.40513  3.72494  3.29354  2.67741  2.69355  4.24690  2.90347  2.73739  3.18146  2.89801  2.37887  2.77519  2.98518  4.58477  3.61503
          0.02231  5.95831  3.93846  0.61958  0.77255  0.45488  1.00656
      3   1.91602  5.88761  2.57016  2.98559  5.23184  2.06568  4.34017  4.71722  2.50960  3.85409  4.42860  2.88525  2.60383  3.15379  3.32347  2.48643  2.05177  3.68500  6.32080  4.91034     28 a - - -
          2.68618  4.42225  2.77519  2.73123  3.46354  2.40513  3.72494  3.29354  2.67741  2.69355  4.24690  2.90347  2.73739  3.18146  2.89801  2.37887  2.77519  2.98518  4.58477  3.61503
          0.00389  5.94720  6.66955  0.61958  0.77255  0.61149  0.78207
      4   3.43416  5.95398  1.21791  2.68255  5.29809  3.39506  3.89913  4.78709  2.90341  4.25888  4.99647  1.72822  3.75855  2.79708  3.63045  2.50081  2.71810  4.34440  6.38549  4.96903     29 d - - -
          2.68597  4.42249  2.77543  2.73127  3.46378  2.40519  3.72465  3.29378  2.67764  2.69379  4.24509  2.90311  2.73763  3.18128  2.89799  2.37894  2.77449  2.98542  4.58501  3.61527
          0.12305  2.16707  6.66955  0.68494  0.70142  0.41448  1.08083
      5   3.11288  6.44038  2.03241  0.70171  5.76386  4.39447  3.92494  5.27515  3.59951  4.73688  5.50465  3.25409  4.90056  2.30201  4.13983  2.90749  4.10944  4.82272  6.86717  5.40363     32 e - - -
          2.68618  4.42225  2.77519  2.73123  3.46354  2.40513  3.72494  3.29354  2.67741  2.69355  4.24690  2.90347  2.73739  3.18146  2.89801  2.37887  2.77519  2.98518  4.58477  3.61503
          0.00382  5.96546  6.68781  0.61958  0.77255  0.48576  0.95510
      6   2.08784  6.11857  1.92649  1.32070  5.45736  3.74439  4.51703  4.95225  2.73891  4.42137  5.16726  3.72666  4.70328  1.63917  3.80062  3.14711  3.82032  4.50706  6.54897  5.11979     33 e - - -
          2.68618  4.42225  2.77519  2.73123  3.46354  2.40513  3.72494  3.29354  2.67741  2.69355  4.24690  2.90347  2.73739  3.18146  2.89801  2.37887  2.77519  2.98518  4.58477  3.61503
          0.00382  5.96546  6.68781  0.61958  0.77255  0.48576  0.95510
      7   4.76139  6.81594  5.42029  3.63811  6.49997  5.26498  4.96604  5.70856  0.36286  4.98756  5.88104  4.74515  5.56034  2.97889  2.16961  4.71471  3.16003  5.40083  6.90186  5.86148     34 K - - -
          2.68618  4.42225  2.77519  2.73123  3.46354  2.40513  3.72494  3.29354  2.67741  2.69355  4.24690  2.90347  2.73739  3.18146  2.89801  2.37887  2.77519  2.98518  4.58477  3.61503
          0.00382  5.96546  6.68781  0.61958  0.77255  0.48576  0.95510
      8   4.46865  5.74545  6.46803  5.87427  4.34805  5.77074  6.10899  2.62073  5.70037  0.39552  3.31696  5.94423  5.96921  5.69174  5.66958  5.12174  3.38977  2.18163  6.33976  4.53613     35 L - - -
          2.68618  4.42225  2.77519  2.73123  3.46354  2.40513  3.72494  3.29354  2.67741  2.69355  4.24690  2.90347  2.73739  3.18146  2.89801  2.37887  2.77519  2.98518  4.58477  3.61503
          0.00373  5.99005  6.71240  0.61958  0.77255  0.48576  0.95510
      9   2.80508  5.20185  5.55639  4.95023  3.72602  4.95699  5.29418  3.36612  4.67323  1.68857  4.18785  5.04791  5.31035  4.92283  0.90664  4.27587  4.03849  1.73252  5.84781  4.67727     36 r - - -
          2.68618  4.42225  2.77519  2.73123  3.46354  2.40513  3.72494  3.29354  2.67741  2.69355  4.24690  2.90347  2.73739  3.18146  2.89801  2.37887  2.77519  2.98518  4.58477  3.61503
          0.00373  5.99005  6.71240  0.61958  0.77255  0.48576  0.95510
     10   2.52363  5.92081  1.34764  2.12368  5.26698  3.51819  3.32392  4.75378  2.80098  4.22656  4.96120  3.39052  4.57409  2.94968  3.10733  2.68293  2.00791  4.31204  6.35280  4.07203     37 d - - -
          2.68618  4.42225  2.77519  2.73123  3.46354  2.40513  3.72494  3.29354  2.67741  2.69355  4.24690  2.90347  2.73739  3.18146  2.89801  2.37887  2.77519  2.98518  4.58477  3.61503
          0.00373  5.99005  6.71240  0.61958  0.77255  0.48576  0.95510
     11   3.38984  6.48329  6.45068  6.20263  2.68796  6.07326  2.89927  5.08230  6.00397  3.22382  5.66241  4.13798  6.36608  5.85083  5.92660  5.44245  5.55104  4.96192  5.13306  0.30180     38 Y - - -
          2.68618  4.42225  2.77519  2.73123  3.46354  2.40513  3.72494  3.29354  2.67741  2.69355  4.24690  2.90347  2.73739  3.18146  2.89801  2.37887  2.77519  2.98518  4.58477  3.61503
          0.00373  5.99005  6.71240  0.61958  0.77255  0.48576  0.95510
     12   6.16546  7.16775  7.26573  7.12030  5.28157  6.49814  7.47225  4.68184  7.09766  0.04311  5.09248  7.39818  6.86937  6.99304  6.90733  6.89551  6.42641  5.09420  7.37764  6.52529     39 L - - -
          2.68618  4.42225  2.77519  2.73123  3.46354  2.40513  3.72494  3.29354  2.67741  2.69355  4.24690  2.90347  2.73739  3.18146  2.89801  2.37887  2.77519  2.98518  4.58477  3.61503
          0.00373  5.99005  6.71240  0.61958  0.77255  0.48576  0.95510
     13   4.99209  6.93412  5.89787  4.68190  6.69781  5.43094  5.04177  5.84128  0.78371  5.08565  6.00507  3.98612  5.70107  3.59394  0.89686  4.94458  3.56780  5.56100  6.96990  5.98695     40 k - - -
          2.68618  4.42225  2.77519  2.73123  3.46354  2.40513  3.72494  3.29354  2.67741  2.69355  4.24690  2.90347  2.73739  3.18146  2.89801  2.37887  2.77519  2.98518  4.58477  3.61503
          0.00373  5.99005  6.71240  0.61958  0.77255  0.48576  0.95510
     14   3.24883  6.52259  4.87930  3.29403  6.02172  4.99459  4.85445  5.33906  2.32048  3.72611  5.58488  4.48388  5.32258  3.50658  0.53166  4.33341  4.49875  5.00799  2.31570  5.59491     41 R - - -
          2.68618  4.42225  2.77519  2.73123  3.46354  2.40513  3.72494  3.29354  2.67741  2.69355  4.24690  2.90347  2.73739  3.18146  2.89801  2.37887  2.77519  2.98518  4.58477  3.61503
          0.00373  5.99005  6.71240  0.61958  0.77255  0.48576  0.95510
     15   1.66033  5.04596  5.53948  4.95301  4.19861  4.78473  5.21557  3.31968  4.76745  2.73567  3.44655  4.96826  5.18504  4.92327  4.81812  3.22176  2.57449  0.76624  5.74715  4.56783     42 v - - -
          2.68618  4.42225  2.77519  2.73123  3.46354  2.40513  3.72494  3.29354  2.67741  2.69355  4.24690  2.90347  2.73739  3.18146  2.89801  2.37887  2.77519  2.98518  4.58477  3.61503
          0.00369  5.99864  6.72099  0.61958  0.77255  0.48576  0.95510
     16   2.72713  4.96933  5.41919  4.81802  4.07455  4.72744  5.07953  3.09498  4.63254  2.28188  3.10365  4.86020  5.09931  4.78870  4.68756  3.14849  0.67094  2.52536  5.61227  4.43375     43 T - - -
          2.68618  4.42225  2.77519  2.73123  3.46354  2.40513  3.72494  3.29354  2.67741  2.69355  4.24690  2.90347  2.73739  3.18146  2.89801  2.37887  2.77519  2.98518  4.58477  3.61503
          0.00369  5.99864  6.72099  0.61958  0.77255  0.48576  0.95510
     17   0.83027  5.43089  4.04307  3.48351  4.62777  3.47850  4.58413  3.62237  2.87574  2.98650  4.53295  3.03185  4.73866  3.79822  3.89057  2.92313  2.17843  3.27187  5.98900  4.70518     44 a - - -
          2.68618  4.42225  2.77519  2.73123  3.46354  2.40513  3.72494  3.29354  2.67741  2.69355  4.24690  2.90347  2.73739  3.18146  2.89801  2.37887  2.77519  2.98518  4.58477  3.61503
          0.00369  5.99864  6.72099  0.61958  0.77255  0.48576  0.95510
     18   4.84790  7.80175  0.59205  1.06180  6.99257  4.74012  5.48810  6.66344  4.83069  6.04946  7.05459  3.49712  5.48563  4.69306  5.69936  4.60894  5.19643  6.13600  8.19948  6.45337     45 D - - -
          2.68618  4.42225  2.77519  2.73123  3.46354  2.40513  3.72494  3.29354  2.67741  2.69355  4.24690  2.90347  2.73739  3.18146  2.89801  2.37887  2.77519  2.98518  4.58477  3.61503
          0.00369  5.99864  6.72099  0.61958  0.77255  0.48576  0.95510
     19   2.88149  5.90287  5.68524  5.57045  5.08648  4.94114  6.28684  4.38767  5.51547  0.18479  5.00620  4.13574  5.66445  5.75547  5.60210  4.45561  4.65201  4.34900  6.95985  5.78970     46 L - - -
          2.68618  4.42225  2.77519  2.73123  3.46354  2.40513  3.72494  3.29354  2.67741  2.69355  4.24690  2.90347  2.73739  3.18146  2.89801  2.37887  2.77519  2.98518  4.58477  3.61503
          0.00369  5.99864  6.72099  0.61958  0.77255  0.48576  0.95510
     20   1.96233  5.93569  2.88651  2.40605  5.28193  3.54451  1.65467  4.76776  2.89935  3.86435  4.97653  3.66172  4.58920  2.54226  1.61881  3.38599  3.65539  4.32706  6.36674  4.95635     47 r - - -
          2.68618  4.42225  2.77519  2.73123  3.46354  2.40513  3.72494  3.29354  2.67741  2.69355  4.24690  2.90347  2.73739  3.18146  2.89801  2.37887  2.77519  2.98518  4.58477  3.61503
          0.00369  5.99864  6.72099  0.61958  0.77255  0.48576  0.95510
     21   2.69463  5.93205  1.55391  2.03918  5.27831  4.18874  4.37724  4.76537  2.73619  4.23779  4.97256  3.07566  4.58339  2.20819  2.04336  2.35436  3.04029  4.32336  6.36381  4.95172     48 d - - -
          2.68618  4.42225  2.77519  2.73123  3.46354  2.40513  3.72494  3.29354  2.67741  2.69355  4.24690  2.90347  2.73739  3.18146  2.89801  2.37887  2.77519  2.98518  4.58477  3.61503
          0.00369  5.99864  6.72099  0.61958  0.77255  0.48576  0.95510
     22   1.25268  5.13547  5.36153  4.82175  4.39415  4.60932  5.25697  3.68679  4.67854  2.59894  4.40409  4.21339  5.11994  4.86771  4.79981  3.29106  1.36478  1.57848  5.90858  4.72864     49 a - - -
          2.68618  4.42225  2.77519  2.73123  3.46354  2.40513  3.72494  3.29354  2.67741  2.69355  4.24690  2.90347  2.73739  3.18146  2.89801  2.37887  2.77519  2.98518  4.58477  3.61503
          0.00369  5.99864  6.72099  0.61958  0.77255  0.48576  0.95510
     23   4.31057  6.54378  4.77103  4.01413  6.06000  4.95019  3.66228  5.39124  2.50027  4.76370  5.60117  4.04434  5.28505  3.10538  0.69195  4.27552  1.49405  5.03764  6.76257  4.54100     50 R - - -
          2.68618  4.42225  2.77519  2.73123  3.46354  2.40513  3.72494  3.29354  2.67741  2.69355  4.24690  2.90347  2.73739  3.18146  2.89801  2.37887  2.77519  2.98518  4.58477  3.61503
          0.00369  5.99864  6.72099  0.61958  0.77255  0.48576  0.95510
     24   2.40284  5.93094  3.67458  1.50288  5.27703  3.38238  4.38109  4.76109  2.47145  3.76405  4.97200  3.66481  4.59001  1.97611  1.56885  3.38689  3.26504  3.86978  6.36159  4.95373     51 e - - -
          2.68618  4.42225  2.77519  2.73123  3.46354  2.40513  3.72494  3.29354  2.67741  2.69355  4.24690  2.90347  2.73739  3.18146  2.89801  2.37887  2.77519  2.98518  4.58477  3.61503
          0.00369  5.99864  6.72099  0.61958  0.77255  0.48576  0.95510
     25   5.07895  6.99022  5.89724  3.70936  6.77684  5.47321  5.07403  5.90010  2.58737  5.13181  6.06169  4.95577  5.74697  2.19024  0.32007  5.02510  5.09208  5.62889  7.00647  6.03802     52 R - - -
          2.68618  4.42225  2.77519  2.73123  3.46354  2.40513  3.72494  3.29354  2.67741  2.69355  4.24690  2.90347  2.73739  3.18146  2.89801  2.37887  2.77519  2.98518  4.58477  3.61503
          0.02794  5.99864  3.68610  0.61958  0.77255  0.48576  0.95510
     26   4.42628  5.69829  6.43172  5.85309  3.80944  5.75439  6.11828  2.13277  5.68826  0.43195  4.22039  3.53126  5.96815  5.71358  5.67851  5.11028  4.65257  2.24459  6.37363  5.28753     53 L - - -
          2.68618  4.42225  2.77519  2.73123  3.46354  2.40513  3.72494  3.29354  2.67741  2.69355  4.24690  2.90347  2.73739  3.18146  2.89801  2.37887  2.77519  2.98518  4.58477  3.61503
          0.00378  5.97448  6.69683  0.61958  0.77255  0.65354  0.73439
     27   3.03189  5.91104  3.07919  2.69094  5.25725  3.03623  2.97541  4.74385  2.76464  3.78052  4.95148  3.45567  4.56470  1.68968  1.24957  2.87475  3.28919  4.30231  6.34290  4.93150     54 r - - -
          2.68618  4.42225  2.77519  2.73123  3.46354  2.40513  3.72494  3.29354  2.67741  2.69355  4.24690  2.90347  2.73739  3.18146  2.89801  2.37887  2.77519  2.98518  4.58477  3.61503
          0.00378  5.97448  6.69683  0.61958  0.77255  0.65354  0.73439
     28   2.11206  5.95748  2.55701  1.09318  5.30416  4.19992  4.39476  4.79052  2.50549  4.26167  4.99944  3.66611  4.60071  3.14049  1.89963  3.40281  3.28730  4.34934  6.38657  4.97517     55 e - - -
          2.68618  4.42225  2.77519  2.73123  3.46354  2.40513  3.72494  3.29354  2.67741  2.69355  4.24690  2.90347  2.73739  3.18146  2.89801  2.37887  2.77519  2.98518  4.58477  3.61503
          0.00378  5.97448  6.69683  0.61958  0.77255  0.39355  1.12288
     29   1.34669  4.90711  5.45669  4.36844  4.00015  3.62818  5.02577  3.03175  4.63666  1.45395  3.48934  4.84461  5.05741  4.77455  4.65723  4.00345  3.10283  1.54980  5.52966  3.49209     56 a - - -
          2.68618  4.42225  2.77519  2.73123  3.46354  2.40513  3.72494  3.29354  2.67741  2.69355  4.24690  2.90347  2.73739  3.18146  2.89801  2.37887  2.77519  2.98518  4.58477  3.61503
          0.00369  5.99864  6.72099  0.61958  0.77255  0.48576  0.95510
     30   2.89359  6.26572  3.79964  0.32866  5.83039  4.52043  5.07230  5.23808  3.94863  4.82899  5.65368  4.14190  5.10592  3.69452  4.43266  3.97785  3.56434  3.37865  7.03032  5.63828     57 E - - -
          2.68618  4.42225  2.77519  2.73123  3.46354  2.40513  3.72494  3.29354  2.67741  2.69355  4.24690  2.90347  2.73739  3.18146  2.89801  2.37887  2.77519  2.98518  4.58477  3.61503
          0.00369  5.99864  6.72099  0.61958  0.77255  0.48576  0.95510
     31   1.82265  5.92684  1.83868  2.00447  5.27261  3.46202  3.61529  4.75918  3.10920  4.23242  4.96737  3.46133  4.58076  3.13044  2.86351  1.69475  3.14136  4.31786  6.35905  3.93460     58 s - - -
          2.68618  4.42225  2.77519  2.73123  3.46354  2.40513  3.72494  3.29354  2.67741  2.69355  4.24690  2.90347  2.73739  3.18146  2.89801  2.37887  2.77519  2.98518  4.58477  3.61503
          0.05369  5.99864  2.99982  0.61958  0.77255  0.48576  0.95510
     32   1.77943  5.89432  3.12445  2.69782  5.24066  3.11977  3.39954  4.72733  1.60165  4.20001  4.93472  3.62122  4.54775  2.65069  1.86459  2.92140  2.77920  4.28565  6.32612  4.91466     59 k - - -
          2.68618  4.42225  2.77519  2.73123  3.46354  2.40513  3.72494  3.29354  2.67741  2.69355  4.24690  2.90347  2.73739  3.18146  2.89801  2.37887  2.77519  2.98518  4.58477  3.61503
          0.00388  5.94883  6.67117  0.61958  0.77255  0.80199  0.59500
     33   1.65068  5.89818  2.60430  1.82082  5.24430  3.68860  3.25304  4.73129  3.07903  4.20391  4.93870  1.83757  4.55006  2.86136  2.72580  2.69480  3.19888  4.28941  6.33011  4.91806     60 a - - -
          2.68618  4.42225  2.77519  2.73123  3.46354  2.40513  3.72494  3.29354  2.67741  2.69355  4.24690  2.90347  2.73739  3.18146  2.89801  2.37887  2.77519  2.98518  4.58477  3.61503
          0.00388  5.94883  6.67117  0.61958  0.77255  0.80199  0.59500
     34   1.89415  5.89367  3.15107  2.91639  5.23944  3.68376  2.26621  4.72593  3.07610  4.19923  4.93421  2.62429  2.95171  2.24786  1.84770  3.20647  2.44012  4.28469  6.32589  4.91445     61 r - - -
          2.68618  4.42225  2.77519  2.73123  3.46354  2.40513  3.72494  3.29354  2.67741  2.69355  4.24690  2.90347  2.73739  3.18146  2.89801  2.37887  2.77519  2.98518  4.58477  3.61503
          0.00388  5.94883  6.67117  0.61958  0.77255  0.32914  1.27132
     35   4.97272  7.77610  2.34605  0.18840  7.06316  4.85442  5.62067  6.77013  4.96116  6.14893  7.16633  4.31264  5.59711  4.83362  5.79842  4.74418  5.32418  6.24629  8.19250  6.56319     62 E - - -
          2.68618  4.42225  2.77519  2.73123  3.46354  2.40513  3.72494  3.29354  2.67741  2.69355  4.24690  2.90347  2.73739  3.18146  2.89801  2.37887  2.77519  2.98518  4.58477  3.61503
          0.00369  5.99864  6.72099  0.61958  0.77255  0.48576  0.95510
     36   6.57152  7.59596  7.07867  7.16121  7.75431  6.20366  7.79027  8.06573  7.36855  7.23265  8.49662  7.36961  0.01325  7.66166  7.19235  6.85900  7.06707  7.54754  8.18773  7.96647     63 P - - -
          2.68623  4.42230  2.77524  2.73128  3.46359  2.40517  3.72499  3.29359  2.67745  2.69288  4.24694  2.90351  2.73744  3.18151  2.89805  2.37891  2.77524  2.98523  4.58482  3.61508
          0.04879  3.04460        *  0.18826  1.76260  0.00000        *
//
HMMER3/f [3.1b2 | February 2015]
NAME  n_group_2
LENG  39
ALPH  amino
RF    no
MM    no
CONS  yes
CS    no
MAP   yes
DATE  Thu Jul 26 15:00:08 2018
NSEQ  17
EFFN  6.852295
CKSUM 2186519764
STATS LOCAL MSV       -7.3636  0.71951
STATS LOCAL VITERBI   -7.5400  0.71951
STATS LOCAL FORWARD   -4.2686  0.71951
HMM          A        C        D        E        F        G        H        I        K        L        M        N        P        Q        R        S        T        V        W        Y   
            m->m     m->i     m->d     i->m     i->i     d->m     d->d
  COMPO   2.25487  5.44021  2.91257  2.24327  4.51398  3.44914  4.32636  3.81315  2.69938  2.28463  3.89022  2.99141  2.99909  3.11306  2.23694  2.57449  2.88490  2.77673  5.47394  4.34132
          2.68425  4.42596  2.77891  2.73494  3.46725  2.40884  3.72866  3.29725  2.68112  2.69726  4.23125  2.90647  2.73311  3.18101  2.89795  2.36404  2.77280  2.98890  4.58848  3.61874
          1.59741  1.00184  0.84309  2.54189  0.08199  0.00000        *
      1   1.42222  5.13980  3.29557  2.33188  4.40785  3.74964  3.99652  3.82385  2.80424  3.42874  2.32956  2.59133  2.85033  3.15014  3.26596  2.98182  3.18778  3.49543  5.67305  4.33792     21 a - - -
          2.68618  4.42225  2.77519  2.73123  3.46354  2.40513  3.72494  3.29354  2.67741  2.69355  4.24690  2.90347  2.73739  3.18146  2.89801  2.37887  2.77519  2.98518  4.58477  3.61503
          0.00945  5.06261  5.78496  0.61958  0.77255  1.31589  0.31230
      2   2.98702  5.35265  3.23839  2.25141  4.65712  3.75894  3.97483  4.10672  2.73500  3.64669  2.99145  3.25813  2.05159  2.54784  3.21088  1.48267  3.22242  3.72553  5.82974  4.45449     22 s - - -
          2.68618  4.42225  2.77519  2.73123  3.46354  2.40513  3.72494  3.29354  2.67741  2.69355  4.24690  2.90347  2.73739  3.18146  2.89801  2.37887  2.77519  2.98518  4.58477  3.61503
          0.00870  5.14477  5.86712  0.61958  0.77255  1.58267  0.22995
      3   3.13696  5.46774  3.28730  2.87362  4.92666  3.82480  4.15286  4.37993  2.30738  3.90146  4.68576  1.73716  1.47815  3.28071  3.31149  3.13183  2.12064  3.96309  6.05731  4.69347     23 p - - -
          2.68618  4.42225  2.77519  2.73123  3.46354  2.40513  3.72494  3.29354  2.67741  2.69355  4.24690  2.90347  2.73739  3.18146  2.89801  2.37887  2.77519  2.98518  4.58477  3.61503
          0.00870  5.14477  5.86712  0.61958  0.77255  0.42217  1.06602
      4   3.19226  5.16444  2.36579  3.25195  4.43016  4.04028  4.37822  3.80590  3.27364  3.47899  1.35661  3.71949  3.05398  3.59634  3.69938  1.62635  3.45486  2.74500  5.79418  4.51081     24 m - - -
          2.68618  4.42225  2.77519  2.73123  3.46354  2.40513  3.72494  3.29354  2.67741  2.69355  4.24690  2.90347  2.73739  3.18146  2.89801  2.37887  2.77519  2.98518  4.58477  3.61503
          0.00615  5.49099  6.21333  0.61958  0.77255  0.67055  0.71627
      5   2.31703  5.60041  3.40842  2.43125  4.92739  3.92214  4.11391  4.39875  2.14456  3.89930  3.33680  2.83384  4.31667  3.21765  3.34467  1.33239  2.24198  3.98207  6.04809  4.65050     25 s - - -
          2.68618  4.42225  2.77519  2.73123  3.46354  2.40513  3.72494  3.29354  2.67741  2.69355  4.24690  2.90347  2.73739  3.18146  2.89801  2.37887  2.77519  2.98518  4.58477  3.61503
          0.00586  5.53906  6.26140  0.61958  0.77255  0.31611  1.30555
      6   2.01483  5.03367  4.21864  3.66635  4.29443  4.18040  4.60795  3.65871  3.62245  2.89072  2.68708  4.03940  2.23326  3.92500  3.97798  1.53654  1.72128  3.40524  5.72782  4.49375     26 s - - -
          2.68618  4.42225  2.77519  2.73123  3.46354  2.40513  3.72494  3.29354  2.67741  2.69355  4.24690  2.90347  2.73739  3.18146  2.89801  2.37887  2.77519  2.98518  4.58477  3.61503
          0.00539  5.62231  6.34466  0.61958  0.77255  0.48576  0.95510
      7   3.33523  5.60126  3.77227  3.29396  5.27363  4.06828  4.53749  4.74089  3.28828  4.26575  5.02908  2.17808  2.12137  3.66353  2.83970  0.90392  2.86874  4.26213  6.41661  5.06091     27 s - - -
          2.68618  4.42225  2.77519  2.73123  3.46354  2.40513  3.72494  3.29354  2.67741  2.69355  4.24690  2.90347  2.73739  3.18146  2.89801  2.37887  2.77519  2.98518  4.58477  3.61503
          0.00539  5.62231  6.34466  0.61958  0.77255  0.48576  0.95510
      8   2.72521  5.68953  1.52748  2.18305  5.03327  3.95594  4.14332  3.30209  2.87861  3.99425  4.73056  2.51320  3.55531  2.86550  2.36948  2.87595  2.70082  4.07946  6.12300  3.30142     28 d - - -
          2.68618  4.42225  2.77519  2.73123  3.46354  2.40513  3.72494  3.29354  2.67741  2.69355  4.24690  2.90347  2.73739  3.18146  2.89801  2.37887  2.77519  2.98518  4.58477  3.61503
          0.00539  5.62231  6.34466  0.61958  0.77255  0.48576  0.95510
      9   3.53079  6.09645  1.93875  1.26061  5.42524  4.11117  4.43441  4.93021  2.22938  4.39478  5.15626  2.48302  4.59748  3.55113  3.78670  3.45997  1.71418  4.48113  6.52426  5.07313     29 e - - -
          2.68618  4.42225  2.77519  2.73123  3.46354  2.40513  3.72494  3.29354  2.67741  2.69355  4.24690  2.90347  2.73739  3.18146  2.89801  2.37887  2.77519  2.98518  4.58477  3.61503
          0.00539  5.62231  6.34466  0.61958  0.77255  0.48576  0.95510
     10   3.25834  5.77972  2.66025  2.19418  5.12349  3.99344  4.20624  4.61274  1.62365  4.08368  4.82344  2.43951  4.40559  1.94607  3.44996  3.21417  1.79659  4.17019  6.20986  4.79249     30 k - - -
          2.68618  4.42225  2.77519  2.73123  3.46354  2.40513  3.72494  3.29354  2.67741  2.69355  4.24690  2.90347  2.73739  3.18146  2.89801  2.37887  2.77519  2.98518  4.58477  3.61503
          0.00539  5.62231  6.34466  0.61958  0.77255  0.48576  0.95510
     11   4.10654  5.36632  6.13365  5.57737  4.22782  5.48198  5.87465  2.44496  5.42554  1.20539  4.07724  5.64383  5.71443  5.50228  5.44544  4.84610  4.34104  0.78855  6.16211  2.97652     31 v - - -
          2.68618  4.42225  2.77519  2.73123  3.46354  2.40513  3.72494  3.29354  2.67741  2.69355  4.24690  2.90347  2.73739  3.18146  2.89801  2.37887  2.77519  2.98518  4.58477  3.61503
          0.00539  5.62231  6.34466  0.61958  0.77255  0.48576  0.95510
     12   4.48033  5.66452  6.58822  6.16677  4.65283  6.06063  6.87838  2.74101  6.10001  1.64773  4.38157  6.32241  6.24325  6.23288  6.19722  5.56367  4.74844  0.39624  6.93380  5.79815     32 V - - -
          2.68618  4.42225  2.77519  2.73123  3.46354  2.40513  3.72494  3.29354  2.67741  2.69355  4.24690  2.90347  2.73739  3.18146  2.89801  2.37887  2.77519  2.98518  4.58477  3.61503
          0.00539  5.62231  6.34466  0.61958  0.77255  0.48576  0.95510
     13   2.36692  6.64426  1.20061  0.96534  5.93991  4.26657  4.77943  5.48513  2.62978  4.93152  5.75317  3.70998  4.87432  3.93055  4.37943  3.84267  4.25233  5.01800  7.06779  5.53417     33 e - - -
          2.68618  4.42225  2.77519  2.73123  3.46354  2.40513  3.72494  3.29354  2.67741  2.69355  4.24690  2.90347  2.73739  3.18146  2.89801  2.37887  2.77519  2.98518  4.58477  3.61503
          0.00539  5.62231  6.34466  0.61958  0.77255  0.48576  0.95510
     14   0.25524  5.68783  5.45252  5.36165  4.48191  4.56199  5.61385  5.13504  5.33874  4.72769  5.78096  5.14490  5.34421  5.53812  5.42612  4.09717  4.41691  4.68997  6.08706  2.24627     34 A - - -
          2.68618  4.42225  2.77519  2.73123  3.46354  2.40513  3.72494  3.29354  2.67741  2.69355  4.24690  2.90347  2.73739  3.18146  2.89801  2.37887  2.77519  2.98518  4.58477  3.61503
          0.00539  5.62231  6.34466  0.61958  0.77255  0.48576  0.95510
     15   5.61403  6.68482  6.82105  6.63613  4.76160  6.11291  6.98043  4.13959  6.55316  0.07409  4.57916  6.88938  6.45201  6.47836  6.40483  6.32649  5.87729  4.52250  6.89634  5.97163     35 L - - -
          2.68618  4.42225  2.77519  2.73123  3.46354  2.40513  3.72494  3.29354  2.67741  2.69355  4.24690  2.90347  2.73739  3.18146  2.89801  2.37887  2.77519  2.98518  4.58477  3.61503
          0.00539  5.62231  6.34466  0.61958  0.77255  0.48576  0.95510
     16   4.83231  6.68165  5.83419  4.54198  6.48594  5.20434  4.82302  5.64012  1.92664  4.86936  5.80882  4.73536  5.48668  3.95112  0.29433  4.79286  4.84898  5.37062  6.72267  5.77372     36 R - - -
          2.68618  4.42225  2.77519  2.73123  3.46354  2.40513  3.72494  3.29354  2.67741  2.69355  4.24690  2.90347  2.73739  3.18146  2.89801  2.37887  2.77519  2.98518  4.58477  3.61503
          0.00539  5.62231  6.34466  0.61958  0.77255  0.48576  0.95510
     17   1.46045  5.58437  1.81144  2.96280  4.89762  3.99657  4.21164  4.35000  2.52931  3.88805  4.66045  3.49916  4.40047  3.32929  3.45644  2.60643  2.17994  3.96357  2.79828  4.69111     37 a - - -
          2.68618  4.42225  2.77519  2.73123  3.46354  2.40513  3.72494  3.29354  2.67741  2.69355  4.24690  2.90347  2.73739  3.18146  2.89801  2.37887  2.77519  2.98518  4.58477  3.61503
          0.00539  5.62231  6.34466  0.61958  0.77255  0.48576  0.95510
     18   1.10919  5.28922  5.67537  5.50800  5.83938  4.13626  6.10825  5.10827  5.41346  4.96415  5.78459  4.97613  4.98925  5.54292  5.47087  0.75843  3.96934  2.26300  7.24422  6.16805     38 s - - -
          2.68618  4.42225  2.77519  2.73123  3.46354  2.40513  3.72494  3.29354  2.67741  2.69355  4.24690  2.90347  2.73739  3.18146  2.89801  2.37887  2.77519  2.98518  4.58477  3.61503
          0.00539  5.62231  6.34466  0.61958  0.77255  0.48576  0.95510
     19   4.18499  5.47880  6.20714  5.68945  4.32249  5.50047  6.09154  2.92677  5.53623  0.63631  4.10896  5.75420  5.78693  5.61687  5.56804  4.90122  2.38787  1.45850  6.35661  5.27023     39 L - - -
          2.68618  4.42225  2.77519  2.73123  3.46354  2.40513  3.72494  3.29354  2.67741  2.69355  4.24690  2.90347  2.73739  3.18146  2.89801  2.37887  2.77519  2.98518  4.58477  3.61503
          0.00539  5.62231  6.34466  0.61958  0.77255  0.48576  0.95510
     20   3.84752  6.07342  4.29036  3.58669  5.50411  4.53430  4.48536  4.86470  0.59874  3.29704  2.97115  2.38787  4.88269  3.60625  2.54038  3.83041  4.01952  4.52075  6.36280  5.15229     40 K - - -
          2.68618  4.42225  2.77519  2.73123  3.46354  2.40513  3.72494  3.29354  2.67741  2.69355  4.24690  2.90347  2.73739  3.18146  2.89801  2.37887  2.77519  2.98518  4.58477  3.61503
          0.00539  5.62231  6.34466  0.61958  0.77255  0.48576  0.95510
     21   4.53400  7.38347  1.54287  0.40204  6.63269  4.44718  5.19116  6.30883  4.50487  5.70035  6.69379  3.89242  5.18395  4.39682  5.32924  4.30896  4.87918  5.79063  7.79625  6.12723     41 E - - -
          2.68618  4.42225  2.77519  2.73123  3.46354  2.40513  3.72494  3.29354  2.67741  2.69355  4.24690  2.90347  2.73739  3.18146  2.89801  2.37887  2.77519  2.98518  4.58477  3.61503
          0.00539  5.62231  6.34466  0.61958  0.77255  0.48576  0.95510
     22   2.31810  4.92539  4.43227  3.87965  4.10380  4.29955  4.67635  2.63106  3.81010  2.21938  4.08305  1.67780  4.72023  4.08913  4.10160  3.58883  1.24794  3.15510  5.58962  4.37694     42 t - - -
          2.68618  4.42225  2.77519  2.73123  3.46354  2.40513  3.72494  3.29354  2.67741  2.69355  4.24690  2.90347  2.73739  3.18146  2.89801  2.37887  2.77519  2.98518  4.58477  3.61503
          0.00539  5.62231  6.34466  0.61958  0.77255  0.48576  0.95510
     23   1.54587  5.88668  2.68926  1.09894  5.21126  4.06263  2.54970  4.69365  3.13300  4.18840  4.95106  3.53350  4.51401  3.45297  3.64144  3.35009  3.63882  3.25181  6.33647  4.91574     43 e - - -
          2.68618  4.42225  2.77519  2.73123  3.46354  2.40513  3.72494  3.29354  2.67741  2.69355  4.24690  2.90347  2.73739  3.18146  2.89801  2.37887  2.77519  2.98518  4.58477  3.61503
          0.00539  5.62231  6.34466  0.61958  0.77255  0.48576  0.95510
     24   4.55540  6.60934  4.76138  2.87062  6.28792  4.95708  4.74490  5.51243  2.85724  4.78879  5.69984  4.44182  5.30919  2.25605  0.38616  4.49347  4.64065  5.20663  6.69901  5.65106     44 R - - -
          2.68618  4.42225  2.77519  2.73123  3.46354  2.40513  3.72494  3.29354  2.67741  2.69355  4.24690  2.90347  2.73739  3.18146  2.89801  2.37887  2.77519  2.98518  4.58477  3.61503
          0.00539  5.62231  6.34466  0.61958  0.77255  0.48576  0.95510
     25   4.47372  5.93142  6.26106  5.93841  4.34339  5.42621  6.39238  3.55906  5.70430  0.25921  4.12089  5.93822  5.88138  5.77603  5.69764  4.95481  2.34948  3.77533  6.54350  5.54115     45 L - - -
          2.68618  4.42225  2.77519  2.73123  3.46354  2.40513  3.72494  3.29354  2.67741  2.69355  4.24690  2.90347  2.73739  3.18146  2.89801  2.37887  2.77519  2.98518  4.58477  3.61503
          0.00539  5.62231  6.34466  0.61958  0.77255  0.48576  0.95510
     26   4.76834  6.65600  5.69434  4.44688  6.44431  5.16187  4.75399  5.57289  2.39330  4.80518  5.73852  4.65440  5.43264  2.93742  0.27585  4.72017  4.77903  5.30470  6.67684  5.71360     46 R - - -
          2.68618  4.42225  2.77519  2.73123  3.46354  2.40513  3.72494  3.29354  2.67741  2.69355  4.24690  2.90347  2.73739  3.18146  2.89801  2.37887  2.77519  2.98518  4.58477  3.61503
          0.00539  5.62231  6.34466  0.61958  0.77255  0.48576  0.95510
     27   2.96571  6.25943  4.44595  3.70646  5.79669  3.38260  4.53672  5.12789  1.70636  4.48915  5.32435  4.12449  4.98418  2.02567  0.78799  3.97356  4.16504  4.76598  6.48023  5.30887     47 r - - -
          2.68618  4.42225  2.77519  2.73123  3.46354  2.40513  3.72494  3.29354  2.67741  2.69355  4.24690  2.90347  2.73739  3.18146  2.89801  2.37887  2.77519  2.98518  4.58477  3.61503
          0.04978  5.62231  3.10242  0.61958  0.77255  0.48576  0.95510
     28   2.69517  5.81465  3.45941  1.15981  5.17493  3.00757  4.23989  4.64991  2.93250  4.11625  4.86866  3.51280  4.45651  2.12042  1.73689  3.28213  3.55515  4.21721  6.23324  4.84007     48 e - - -
          2.68618  4.42225  2.77519  2.73123  3.46354  2.40513  3.72494  3.29354  2.67741  2.69355  4.24690  2.90347  2.73739  3.18146  2.89801  2.37887  2.77519  2.98518  4.58477  3.61503
          0.00563  5.57817  6.30052  0.61958  0.77255  0.69024  0.69606
     29   3.57791  5.67204  3.92959  3.49853  5.08784  4.27553  4.60930  4.53584  3.22330  2.36466  4.96097  0.63480  4.76643  3.78224  2.69741  2.75680  3.85602  4.18837  6.28440  4.99327     49 N - - -
          2.68618  4.42225  2.77519  2.73123  3.46354  2.40513  3.72494  3.29354  2.67741  2.69355  4.24690  2.90347  2.73739  3.18146  2.89801  2.37887  2.77519  2.98518  4.58477  3.61503
          0.00563  5.57817  6.30052  0.61958  0.77255  0.69024  0.69606
     30   3.27114  5.78320  2.27070  2.40677  5.12755  3.99361  4.20942  4.61289  2.94873  4.08492  4.83014  3.45930  4.41059  2.72989  1.01974  2.75629  2.51846  4.17471  6.21111  4.79878     50 r - - -
          2.68618  4.42225  2.77519  2.73123  3.46354  2.40513  3.72494  3.29354  2.67741  2.69355  4.24690  2.90347  2.73739  3.18146  2.89801  2.37887  2.77519  2.98518  4.58477  3.61503
          0.00563  5.57817  6.30052  0.61958  0.77255  0.69024  0.69606
     31   2.74157  5.66403  3.06299  1.82952  5.00660  3.93350  4.12122  4.49057  2.85646  3.96809  3.25487  3.40199  4.32738  1.58623  1.92811  2.62621  2.84108  4.05338  6.09808  4.68893     51 q - - -
          2.68618  4.42225  2.77519  2.73123  3.46354  2.40513  3.72494  3.29354  2.67741  2.69355  4.24690  2.90347  2.73739  3.18146  2.89801  2.37887  2.77519  2.98518  4.58477  3.61503
          0.00563  5.57817  6.30052  0.61958  0.77255  0.69024  0.69606
     32   3.98919  5.29690  5.94111  5.33800  2.83150  5.23809  5.55328  2.55905  5.14884  0.54595  3.77500  5.39708  5.47440  5.17444  3.12316  4.57502  4.20962  2.11578  5.84652  4.76358     52 L - - -
          2.68618  4.42225  2.77519  2.73123  3.46354  2.40513  3.72494  3.29354  2.67741  2.69355  4.24690  2.90347  2.73739  3.18146  2.89801  2.37887  2.77519  2.98518  4.58477  3.61503
          0.00563  5.57817  6.30052  0.61958  0.77255  0.37632  1.15958
     33   2.26083  5.37862  3.61118  2.25171  4.61125  4.03393  4.23910  2.92934  3.04474  3.10810  4.45104  3.57012  4.42342  1.79924  2.56715  2.69024  2.85297  1.97856  5.88530  4.55485     53 q - - -
          2.68618  4.42225  2.77519  2.73123  3.46354  2.40513  3.72494  3.29354  2.67741  2.69355  4.24690  2.90347  2.73739  3.18146  2.89801  2.37887  2.77519  2.98518  4.58477  3.61503
          0.00539  5.62231  6.34466  0.61958  0.77255  0.48576  0.95510
     34   0.46398  5.58695  2.44618  4.04481  6.01676  2.91396  5.46411  5.52899  4.54409  5.12526  5.90104  4.35489  4.93942  4.69077  4.97477  2.17083  4.05261  4.77984  7.27733  5.99892     54 A - - -
          2.68618  4.42225  2.77519  2.73123  3.46354  2.40513  3.72494  3.29354  2.67741  2.69355  4.24690  2.90347  2.73739  3.18146  2.89801  2.37887  2.77519  2.98518  4.58477  3.61503
          0.00539  5.62231  6.34466  0.61958  0.77255  0.48576  0.95510
     35   1.15037  5.71683  3.57982  1.96229  5.25810  1.59000  4.46878  4.73004  3.24423  4.24515  5.01122  3.68116  4.56924  3.59183  2.85992  2.91640  3.66322  4.27594  6.39796  5.01507     55 a - - -
          2.68618  4.42225  2.77519  2.73123  3.46354  2.40513  3.72494  3.29354  2.67741  2.69355  4.24690  2.90347  2.73739  3.18146  2.89801  2.37887  2.77519  2.98518  4.58477  3.61503
          0.00539  5.62231  6.34466  0.61958  0.77255  0.48576  0.95510
     36   1.51041  5.23337  3.79651  3.23162  4.43267  4.11445  4.33287  3.81671  2.02575  3.47536  3.15440  3.71487  4.50315  3.53655  2.58421  2.39006  3.46950  1.79596  5.77599  4.49025     56 a - - -
          2.68618  4.42225  2.77519  2.73123  3.46354  2.40513  3.72494  3.29354  2.67741  2.69355  4.24690  2.90347  2.73739  3.18146  2.89801  2.37887  2.77519  2.98518  4.58477  3.61503
          0.00539  5.62231  6.34466  0.61958  0.77255  0.48576  0.95510
     37   2.26480  5.69046  2.43293  2.87579  5.03466  1.91435  3.39122  4.51992  2.46515  3.99533  4.73141  3.42385  4.34954  2.09892  2.28085  2.87595  2.69510  3.42477  6.12364  4.71333     57 g - - -
          2.68618  4.42225  2.77519  2.73123  3.46354  2.40513  3.72494  3.29354  2.67741  2.69355  4.24690  2.90347  2.73739  3.18146  2.89801  2.37887  2.77519  2.98518  4.58477  3.61503
          0.00539  5.62231  6.34466  0.61958  0.77255  0.48576  0.95510
     38   4.58265  7.35606  2.48371  0.21683  6.65137  4.49535  5.24750  6.34228  4.55399  5.73408  6.73234  3.95619  5.23050  4.45699  5.35541  4.36499  4.92970  5.82712  7.78343  6.16807     58 E - - -
          2.68618  4.42225  2.77519  2.73123  3.46354  2.40513  3.72494  3.29354  2.67741  2.69355  4.24690  2.90347  2.73739  3.18146  2.89801  2.37887  2.77519  2.98518  4.58477  3.61503
          0.00539  5.62231  6.34466  0.61958  0.77255  0.48576  0.95510
     39   5.91260  7.09371  6.52050  6.59350  7.22880  5.71089  7.29098  7.45573  6.79866  6.69574  7.92200  6.77582  0.02361  7.09749  6.67693  6.17346  6.42338  6.91816  7.75454  7.42422     59 P - - -
          2.68625  4.42232  2.77527  2.73130  3.46361  2.40520  3.72502  3.29361  2.67748  2.69307  4.24442  2.90354  2.73747  3.18154  2.89808  2.37894  2.77527  2.98526  4.58484  3.61510
          0.10495  2.30630        *  0.13910  2.04130  0.00000        *
//
HMMER3/f [3.1b2 | February 2015]
NAME  n_group_3
LENG  38
ALPH  amino
RF    no
MM    no
CONS  yes
CS    no
MAP   yes
DATE  Thu Jul 26 15:00:09 2018
NSEQ  14
EFFN  8.903809
CKSUM 1330552216
STATS LOCAL MSV       -7.3399  0.71955
STATS LOCAL VITERBI   -7.6810  0.71955
STATS LOCAL FORWARD   -4.2756  0.71955
HMM          A        C        D        E        F        G        H        I        K        L        M        N        P        Q        R        S        T        V        W        Y   
            m->m     m->i     m->d     i->m     i->i     d->m     d->d
  COMPO   2.27483  5.73636  3.36482  2.07954  4.09607  3.62306  4.42621  3.44233  2.45066  2.15130  3.04460  3.35422  2.97619  2.74458  2.54369  2.60750  3.00023  3.48002  6.25362  4.42868
          2.68618  4.42225  2.77519  2.73123  3.46354  2.40513  3.72494  3.29354  2.67741  2.69355  4.24690  2.90347  2.73739  3.18146  2.89801  2.37887  2.77519  2.98518  4.58477  3.61503
          0.30159  5.85886  1.35671  0.61958  0.77255  0.00000        *
      1   5.37269  6.67571  6.43692  6.37645  5.42463  5.61274  6.81073  4.91737  6.21875  4.01037  0.07105  6.46520  6.22747  6.51885  6.17165  5.74041  5.79917  5.06209  7.10217  6.08120      1 M - - -
          2.68618  4.42225  2.77519  2.73123  3.46354  2.40513  3.72494  3.29354  2.67741  2.69355  4.24690  2.90347  2.73739  3.18146  2.89801  2.37887  2.77519  2.98518  4.58477  3.61503
          0.00572  5.56298  6.28533  0.61958  0.77255  0.15345  1.95011
      2   2.49976  5.42866  4.20718  3.66788  4.84398  4.28731  4.75375  4.23413  2.52687  3.89438  1.61343  4.09185  4.78119  3.96727  4.01520  1.30311  1.79703  3.91360  6.18765  4.91533      2 s - - -
          2.68618  4.42225  2.77519  2.73123  3.46354  2.40513  3.72494  3.29354  2.67741  2.69355  4.24690  2.90347  2.73739  3.18146  2.89801  2.37887  2.77519  2.98518  4.58477  3.61503
          0.00425  5.85886  6.58120  0.61958  0.77255  0.48576  0.95510
      3   3.47231  6.00292  2.55262  1.83380  5.34335  4.17380  4.41270  4.83616  2.05809  4.30646  5.05028  2.05504  4.60308  3.51625  3.68366  2.59719  1.37480  4.39213  6.43403  5.00897      3 t - - -
          2.68618  4.42225  2.77519  2.73123  3.46354  2.40513  3.72494  3.29354  2.67741  2.69355  4.24690  2.90347  2.73739  3.18146  2.89801  2.37887  2.77519  2.98518  4.58477  3.61503
          0.14898  5.85886  1.99833  0.61958  0.77255  0.48576  0.95510
      4   3.26872  5.46658  3.67289  3.11236  2.94424  4.09792  4.29731  4.12365  2.24741  2.49822  4.53872  3.62979  2.26182  3.44732  1.77940  1.94715  2.50546  3.80083  5.96701  4.63508      4 r - - -
          2.68618  4.42225  2.77519  2.73123  3.46354  2.40513  3.72494  3.29354  2.67741  2.69355  4.24690  2.90347  2.73739  3.18146  2.89801  2.37887  2.77519  2.98518  4.58477  3.61503
          0.16812  5.71479  1.88747  0.61958  0.77255  1.12396  0.39303
      5   1.67714  5.59410  3.46910  2.92464  4.99423  3.94026  4.18256  4.46768  2.13069  3.96876  4.71795  2.46260  2.65172  3.28825  3.41287  1.79244  2.26671  4.03538  6.11510  4.72142      5 a - - -
          2.68688  4.42295  2.77589  2.73070  3.46424  2.40583  3.72564  3.29424  2.67811  2.69425  4.24265  2.90287  2.73700  3.17633  2.89871  2.37779  2.77589  2.98588  4.58547  3.61573
          0.40244  1.11039  6.27479  1.07461  0.41769  0.15033  1.96912
      6   3.34702  5.86308  2.63972  1.43859  5.20852  2.01946  2.83484  4.69619  3.04268  4.16842  4.90437  2.90428  4.50823  2.48630  2.49079  3.30703  2.47054  4.25406  6.29468  4.88111      9 e - - -
          2.68618  4.42225  2.77519  2.73123  3.46354  2.40513  3.72494  3.29354  2.67741  2.69355  4.24690  2.90347  2.73739  3.18146  2.89801  2.37887  2.77519  2.98518  4.58477  3.61503
          0.00425  5.85886  6.58120  0.61958  0.77255  0.48576  0.95510
      7   3.34845  5.86086  3.57119  2.39342  5.20699  4.11229  4.30422  4.69321  1.97106  4.16584  4.90259  2.04182  1.77143  2.03444  3.52902  2.65197  2.50535  4.25235  6.29194  4.88066     10 p - - -
          2.68618  4.42225  2.77519  2.73123  3.46354  2.40513  3.72494  3.29354  2.67741  2.69355  4.24690  2.90347  2.73739  3.18146  2.89801  2.37887  2.77519  2.98518  4.58477  3.61503
          0.00425  5.85886  6.58120  0.61958  0.77255  0.48576  0.95510
      8   3.32992  5.71014  3.63412  2.32312  5.00466  2.77949  4.31865  1.87337  2.27861  2.75834  4.76447  2.55326  4.51752  2.71796  3.55935  2.53897  2.20449  3.13138  6.17432  4.79614     11 i - - -
          2.68618  4.42225  2.77519  2.73123  3.46354  2.40513  3.72494  3.29354  2.67741  2.69355  4.24690  2.90347  2.73739  3.18146  2.89801  2.37887  2.77519  2.98518  4.58477  3.61503
          0.00425  5.85886  6.58120  0.61958  0.77255  0.48576  0.95510
      9   1.74286  6.71716  1.38557  1.22592  6.01799  4.42439  4.89686  5.55495  3.85476  5.00504  5.80865  2.56720  5.00645  2.46034  4.44597  3.94952  4.33743  5.09094  7.13960  5.62404     12 e - - -
          2.68618  4.42225  2.77519  2.73123  3.46354  2.40513  3.72494  3.29354  2.67741  2.69355  4.24690  2.90347  2.73739  3.18146  2.89801  2.37887  2.77519  2.98518  4.58477  3.61503
          0.00425  5.85886  6.58120  0.61958  0.77255  0.48576  0.95510
     10   3.49831  6.02194  2.53145  2.38826  5.35200  4.18919  2.26346  4.84777  3.20817  4.32246  5.07100  3.65237  4.62391  1.20532  3.71298  2.42748  3.73605  4.40846  6.45155  2.13131     13 q - - -
          2.68618  4.42225  2.77519  2.73123  3.46354  2.40513  3.72494  3.29354  2.67741  2.69355  4.24690  2.90347  2.73739  3.18146  2.89801  2.37887  2.77519  2.98518  4.58477  3.61503
          0.00425  5.85886  6.58120  0.61958  0.77255  0.48576  0.95510
     11   3.36870  5.74611  3.67530  3.11407  5.04765  4.15881  4.34035  4.49656  2.29400  1.23325  4.80045  2.94488  2.79509  2.16285  2.75429  2.81092  3.59756  4.11364  6.20086  3.04360     14 l - - -
          2.68618  4.42225  2.77519  2.73123  3.46354  2.40513  3.72494  3.29354  2.67741  2.69355  4.24690  2.90347  2.73739  3.18146  2.89801  2.37887  2.77519  2.98518  4.58477  3.61503
          0.00425  5.85886  6.58120  0.61958  0.77255  0.48576  0.95510
     12   1.36213  5.60245  5.22357  5.08611  6.36188  2.50600  6.13800  5.88200  5.28423  5.52531  6.25851  2.04639  5.18364  5.44043  5.52084  0.77092  4.21074  4.97754  7.65406  6.53540     15 s - - -
          2.68618  4.42225  2.77519  2.73123  3.46354  2.40513  3.72494  3.29354  2.67741  2.69355  4.24690  2.90347  2.73739  3.18146  2.89801  2.37887  2.77519  2.98518  4.58477  3.61503
          0.00425  5.85886  6.58120  0.61958  0.77255  0.48576  0.95510
     13   2.40035  5.58342  4.91669  4.32512  4.99975  4.60343  5.08516  4.34081  3.68777  1.57245  4.90770  4.58880  1.15692  4.35362  1.54946  3.98684  4.10826  4.08281  6.35729  5.17677     16 p - - -
          2.68618  4.42225  2.77519  2.73123  3.46354  2.40513  3.72494  3.29354  2.67741  2.69355  4.24690  2.90347  2.73739  3.18146  2.89801  2.37887  2.77519  2.98518  4.58477  3.61503
          0.00425  5.85886  6.58120  0.61958  0.77255  0.48576  0.95510
     14   2.53500  4.99126  4.91485  4.33445  4.09668  4.55672  4.89592  3.43227  2.81154  0.72856  2.55656  4.54815  4.94715  4.42895  4.33583  2.46233  3.73066  3.24880  5.61713  4.42972     17 l - - -
          2.68618  4.42225  2.77519  2.73123  3.46354  2.40513  3.72494  3.29354  2.67741  2.69355  4.24690  2.90347  2.73739  3.18146  2.89801  2.37887  2.77519  2.98518  4.58477  3.61503
          0.00425  5.85886  6.58120  0.61958  0.77255  0.48576  0.95510
     15   2.49589  6.22106  4.14491  2.36979  5.66297  4.53298  4.56172  5.07201  1.01888  4.48141  5.26988  4.00355  4.90055  1.75480  1.94659  3.79272  4.02654  4.67012  6.52853  5.24907     18 k - - -
          2.68618  4.42225  2.77519  2.73123  3.46354  2.40513  3.72494  3.29354  2.67741  2.69355  4.24690  2.90347  2.73739  3.18146  2.89801  2.37887  2.77519  2.98518  4.58477  3.61503
          0.00425  5.85886  6.58120  0.61958  0.77255  0.48576  0.95510
     16   4.33905  6.53147  4.84468  4.03286  6.10024  4.94132  4.76900  5.39818  2.20528  2.81535  5.59012  2.49860  5.26454  1.26841  1.02562  4.29895  4.46887  5.05426  6.70610  5.57512     19 r - - -
          2.68618  4.42225  2.77519  2.73123  3.46354  2.40513  3.72494  3.29354  2.67741  2.69355  4.24690  2.90347  2.73739  3.18146  2.89801  2.37887  2.77519  2.98518  4.58477  3.61503
          0.00425  5.85886  6.58120  0.61958  0.77255  0.48576  0.95510
     17   0.47244  5.50393  5.87383  5.71326  5.94426  4.36265  6.28701  5.33854  5.59702  5.06446  1.89173  5.19231  5.21006  5.74276  5.64477  1.97432  4.18866  4.69179  7.36622  6.27598     20 A - - -
          2.68618  4.42225  2.77519  2.73123  3.46354  2.40513  3.72494  3.29354  2.67741  2.69355  4.24690  2.90347  2.73739  3.18146  2.89801  2.37887  2.77519  2.98518  4.58477  3.61503
          0.00425  5.85886  6.58120  0.61958  0.77255  0.48576  0.95510
     18   2.10828  6.06092  6.69532  6.18760  1.28614  5.97841  6.14804  3.62613  6.02598  0.70142  4.10567  6.20052  6.15786  5.86848  5.93583  5.39022  5.02695  3.88859  6.19666  4.92222     21 l - - -
          2.68618  4.42225  2.77519  2.73123  3.46354  2.40513  3.72494  3.29354  2.67741  2.69355  4.24690  2.90347  2.73739  3.18146  2.89801  2.37887  2.77519  2.98518  4.58477  3.61503
          0.00425  5.85886  6.58120  0.61958  0.77255  0.48576  0.95510
     19   3.78987  5.12584  5.75544  5.16311  4.21602  5.03398  5.40655  1.56321  4.96456  1.03561  4.15832  5.18753  5.36536  5.11212  2.70349  4.36153  2.60933  1.78241  5.87075  4.70234     22 l - - -
          2.68618  4.42225  2.77519  2.73123  3.46354  2.40513  3.72494  3.29354  2.67741  2.69355  4.24690  2.90347  2.73739  3.18146  2.89801  2.37887  2.77519  2.98518  4.58477  3.61503
          0.00425  5.85886  6.58120  0.61958  0.77255  0.48576  0.95510
     20   0.96254  5.11719  4.52247  2.87251  4.27518  4.51970  4.82119  2.08099  3.92107  3.31066  4.24262  4.33817  4.90628  2.59327  4.22840  3.79432  3.73808  1.92090  5.76602  4.54644     23 a - - -
          2.68618  4.42225  2.77519  2.73123  3.46354  2.40513  3.72494  3.29354  2.67741  2.69355  4.24690  2.90347  2.73739  3.18146  2.89801  2.37887  2.77519  2.98518  4.58477  3.61503
          0.00425  5.85886  6.58120  0.61958  0.77255  0.48576  0.95510
     21   4.97576  6.11454  7.05078  6.51562  4.44541  6.57428  6.98983  1.09835  6.44028  0.88630  2.25278  6.76707  6.49403  6.24027  6.36807  6.03145  5.18645  2.26333  6.80172  5.89603     24 l - - -
          2.68618  4.42225  2.77519  2.73123  3.46354  2.40513  3.72494  3.29354  2.67741  2.69355  4.24690  2.90347  2.73739  3.18146  2.89801  2.37887  2.77519  2.98518  4.58477  3.61503
          0.06822  5.85886  2.76325  0.61958  0.77255  0.48576  0.95510
     22   4.14544  6.42652  4.45219  0.93897  5.95346  4.75499  4.67667  5.29440  1.61651  4.65065  5.48296  4.22646  5.11006  2.01266  1.93265  4.09772  4.30238  4.92534  6.64100  5.45496     25 e - - -
          2.68618  4.42225  2.77519  2.73123  3.46354  2.40513  3.72494  3.29354  2.67741  2.69355  4.24690  2.90347  2.73739  3.18146  2.89801  2.37887  2.77519  2.98518  4.58477  3.61503
          0.00453  5.79517  6.51752  0.61958  0.77255  0.31850  1.29917
     23   3.38731  5.89535  2.11768  2.08099  5.24721  4.14434  4.32814  4.72980  1.65591  4.19745  4.93721  3.61079  4.54185  2.40518  1.63761  3.34706  2.50527  4.29027  6.31766  4.91374     26 r - - -
          2.68618  4.42225  2.77519  2.73123  3.46354  2.40513  3.72494  3.29354  2.67741  2.69355  4.24690  2.90347  2.73739  3.18146  2.89801  2.37887  2.77519  2.98518  4.58477  3.61503
          0.00425  5.85886  6.58120  0.61958  0.77255  0.48576  0.95510
     24   1.85232  6.09807  6.79970  6.24619  4.28052  6.08882  6.54585  3.54449  6.07588  0.70020  1.39976  6.37636  6.21374  5.91970  5.99247  5.50867  5.06577  3.83737  6.52576  5.59890     27 l - - -
          2.68618  4.42225  2.77519  2.73123  3.46354  2.40513  3.72494  3.29354  2.67741  2.69355  4.24690  2.90347  2.73739  3.18146  2.89801  2.37887  2.77519  2.98518  4.58477  3.61503
          0.00425  5.85886  6.58120  0.61958  0.77255  0.48576  0.95510
     25   4.30092  6.54020  4.64366  1.60875  6.09803  4.88688  4.76608  5.41353  1.83646  4.75282  5.59861  4.35951  5.23254  0.96170  1.94466  4.25244  4.44317  5.05650  6.72577  5.57097     28 q - - -
          2.68618  4.42225  2.77519  2.73123  3.46354  2.40513  3.72494  3.29354  2.67741  2.69355  4.24690  2.90347  2.73739  3.18146  2.89801  2.37887  2.77519  2.98518  4.58477  3.61503
          0.00425  5.85886  6.58120  0.61958  0.77255  0.48576  0.95510
     26   1.06876  5.70877  4.28034  2.03945  5.77014  4.29722  5.19532  5.24386  4.06593  4.81787  5.58612  4.31169  4.95876  4.36170  4.50561  1.27265  2.16631  4.65691  6.98504  5.67399     29 a - - -
          2.68618  4.42225  2.77519  2.73123  3.46354  2.40513  3.72494  3.29354  2.67741  2.69355  4.24690  2.90347  2.73739  3.18146  2.89801  2.37887  2.77519  2.98518  4.58477  3.61503
          0.00425  5.85886  6.58120  0.61958  0.77255  0.48576  0.95510
     27   4.88312  6.83547  5.61589  2.52930  6.59510  5.30277  4.93645  5.74355  0.72090  4.98698  5.90793  4.78593  5.58615  4.05939  1.07099  4.83048  4.91501  5.46178  6.87070  5.88333     30 k - - -
          2.68618  4.42225  2.77519  2.73123  3.46354  2.40513  3.72494  3.29354  2.67741  2.69355  4.24690  2.90347  2.73739  3.18146  2.89801  2.37887  2.77519  2.98518  4.58477  3.61503
          0.00425  5.85886  6.58120  0.61958  0.77255  0.48576  0.95510
     28   5.18457  6.32341  7.19694  6.69997  4.40401  6.66422  7.12063  3.41645  6.59980  0.25747  4.11732  6.97149  6.57733  6.30454  6.46919  6.19897  5.40255  1.98923  6.80772  5.92186     31 L - - -
          2.68618  4.42225  2.77519  2.73123  3.46354  2.40513  3.72494  3.29354  2.67741  2.69355  4.24690  2.90347  2.73739  3.18146  2.89801  2.37887  2.77519  2.98518  4.58477  3.61503
          0.00425  5.85886  6.58120  0.61958  0.77255  0.48576  0.95510
     29   2.09139  6.59758  1.28631  1.17018  5.90752  4.39099  4.82333  5.43452  2.44034  4.88863  5.67892  2.57448  4.94800  3.95849  4.31095  3.86883  4.23638  4.97499  7.02113  5.52548     32 e - - -
          2.68618  4.42225  2.77519  2.73123  3.46354  2.40513  3.72494  3.29354  2.67741  2.69355  4.24690  2.90347  2.73739  3.18146  2.89801  2.37887  2.77519  2.98518  4.58477  3.61503
          0.00425  5.85886  6.58120  0.61958  0.77255  0.48576  0.95510
     30   1.12371  5.54133  3.97113  3.42626  4.97253  2.23317  4.59990  4.39196  2.39105  4.00161  2.63558  3.90347  4.68239  3.75995  3.86026  2.07815  2.58104  4.03075  6.24308  4.92443     33 a - - -
          2.68618  4.42225  2.77519  2.73123  3.46354  2.40513  3.72494  3.29354  2.67741  2.69355  4.24690  2.90347  2.73739  3.18146  2.89801  2.37887  2.77519  2.98518  4.58477  3.61503
          0.00425  5.85886  6.58120  0.61958  0.77255  0.48576  0.95510
     31   2.48270  4.80348  5.36336  4.74982  2.52997  2.73030  4.92369  3.23515  4.54027  1.47644  2.49716  4.74561  4.95535  4.67619  4.55733  2.24139  3.65704  1.98013  5.42478  2.63248     34 l - - -
          2.68285  4.42263  2.77557  2.73161  3.46392  2.40550  3.72532  3.29392  2.67779  2.69393  4.24727  2.90384  2.73777  3.17880  2.89838  2.37925  2.77557  2.98556  4.58515  3.61541
          0.14386  2.02041  6.58120  1.05611  0.42741  0.48576  0.95510
     32   5.08050  7.21408  4.29410  0.19450  6.83720  5.15081  5.62082  6.43047  4.16401  5.75231  6.71987  4.76547  5.76326  4.81328  2.42920  4.97768  5.34360  6.02533  7.55396  6.42407     38 E - - -
          2.68618  4.42225  2.77519  2.73123  3.46354  2.40513  3.72494  3.29354  2.67741  2.69355  4.24690  2.90347  2.73739  3.18146  2.89801  2.37887  2.77519  2.98518  4.58477  3.61503
          0.00425  5.85886  6.58120  0.61958  0.77255  0.48576  0.95510
     33   3.55802  5.88736  3.89370  3.30880  5.22143  2.26863  4.45398  4.64777  2.33890  1.78281  4.95168  2.51426  4.70777  3.57307  1.34514  3.54834  2.52319  4.27658  6.30948  4.98267     39 r - - -
          2.68618  4.42225  2.77519  2.73123  3.46354  2.40513  3.72494  3.29354  2.67741  2.69355  4.24690  2.90347  2.73739  3.18146  2.89801  2.37887  2.77519  2.98518  4.58477  3.61503
          0.00425  5.85886  6.58120  0.61958  0.77255  0.48576  0.95510
     34   1.37818  5.85882  3.59967  1.69144  5.23933  2.75065  4.37076  4.72208  3.12047  4.20737  4.95094  3.63096  4.55478  1.95941  3.61340  2.50317  2.70014  4.28166  6.34290  4.93580     40 a - - -
          2.68618  4.42225  2.77519  2.73123  3.46354  2.40513  3.72494  3.29354  2.67741  2.69355  4.24690  2.90347  2.73739  3.18146  2.89801  2.37887  2.77519  2.98518  4.58477  3.61503
          0.00425  5.85886  6.58120  0.61958  0.77255  0.48576  0.95510
     35   2.57662  5.97960  3.77067  2.31783  5.35551  4.25683  4.39222  4.81749  1.60433  4.27026  5.02328  3.72533  4.64275  2.54013  1.22271  2.44125  3.72690  4.38916  6.36987  5.00335     41 r - - -
          2.68618  4.42225  2.77519  2.73123  3.46354  2.40513  3.72494  3.29354  2.67741  2.69355  4.24690  2.90347  2.73739  3.18146  2.89801  2.37887  2.77519  2.98518  4.58477  3.61503
          0.00425  5.85886  6.58120  0.61958  0.77255  0.48576  0.95510
     36   2.46930  5.90727  3.85187  3.27648  5.34047  4.26956  4.45857  4.79302  1.56296  4.27222  5.03541  3.79180  4.67795  3.56589  1.98995  1.75428  1.63821  4.36889  6.38995  5.03787     42 k - - -
          2.68618  4.42225  2.77519  2.73123  3.46354  2.40513  3.72494  3.29354  2.67741  2.69355  4.24690  2.90347  2.73739  3.18146  2.89801  2.37887  2.77519  2.98518  4.58477  3.61503
          0.00425  5.85886  6.58120  0.61958  0.77255  0.48576  0.95510
     37   6.15383  7.57328  5.23398  0.03019  7.44374  5.77160  6.87204  7.56885  6.19144  6.81155  8.01475  5.87860  6.45520  6.29450  6.52095  6.13815  6.53585  7.13797  8.01662  7.40498     43 E - - -
          2.68618  4.42225  2.77519  2.73123  3.46354  2.40513  3.72494  3.29354  2.67741  2.69355  4.24690  2.90347  2.73739  3.18146  2.89801  2.37887  2.77519  2.98518  4.58477  3.61503
          0.00425  5.85886  6.58120  0.61958  0.77255  0.48576  0.95510
     38   6.33073  7.41327  6.87875  6.95846  7.56491  6.02441  7.61035  7.84919  7.16582  7.04084  8.29112  7.15586  0.01631  7.45998  7.00769  6.60799  6.83267  7.32139  8.02940  7.77114     44 P - - -
          2.68618  4.42225  2.77519  2.73123  3.46354  2.40513  3.72494  3.29354  2.67741  2.69355  4.24690  2.90347  2.73739  3.18146  2.89801  2.37887  2.77519  2.98518  4.58477  3.61503
          0.00286  5.85747        *  0.61958  0.77255  0.00000        *
//
